 &InitialConditions
 DaysSinceRain=           0
 Temp_C0=   3.9343786295005852E-002
 GDD_1_0=   0.0000000000000000     
 GDD_2_0=   0.0000000000000000     
 LAIinitialEveTr=   4.0000000000000000     
 LAIinitialDecTr=   1.0000000000000000     
 LAIinitialGrass=   1.6000000000000001     
 AlbEveTr0=  0.13900000000000001     
 AlbDecTr0=  0.16700000000000001     
 AlbGrass0=  0.25000000000000000     
 DecidCap0=  0.29999999999999999     
 Porosity0=   1.0000000000000000     
 SoilStorePavedState=   149.93615697982770     
 SoilStoreBldgsState=   149.93620986719270     
 SoilStoreEveTrState=   149.90982074877962     
 SoilStoreDecTrState=   149.92265984356683     
 SoilStoreGrassState=   149.92262903056567     
 SoilStoreBSoilState=   149.92259826816488     
 PavedState=   8.3383130249265990E-003
 BldgsState=   8.3383130249265990E-003
 EveTrState=   8.3383130249265990E-003
 DecTrState=   8.3383130249265990E-003
 GrassState=   8.3383130249265990E-003
 BSoilState=   8.3383130249265990E-003
 WaterState=  0.21218951416119206     
 SnowWaterPavedState=   5.6770236708142180E-004
 SnowWaterBldgsState=   5.6770236708142180E-004
 SnowWaterEveTrState=   5.6770236708142180E-004
 SnowWaterDecTrState=   5.6770236708142180E-004
 SnowWaterGrassState=   5.6770236708142180E-004
 SnowWaterBSoilState=   5.6770236708142180E-004
 SnowWaterWaterState=   5.6770222057476191E-004
 SnowPackPaved=   8.7458968919065169E-003
 SnowPackBldgs=   8.7458968919065169E-003
 SnowPackEveTr=   8.7458968919065169E-003
 SnowPackDecTr=   8.7458968919065169E-003
 SnowPackGrass=   8.7458968919065169E-003
 SnowPackBSoil=   8.7458968919065169E-003
 SnowPackWater=   8.7458937596953529E-003
 SnowFracPaved=   1.0000000000000000     
 SnowFracBldgs=   1.0000000000000000     
 SnowFracEveTr=   1.0000000000000000     
 SnowFracDecTr=   1.0000000000000000     
 SnowFracGrass=   1.0000000000000000     
 SnowFracBSoil=   1.0000000000000000     
 SnowFracWater=   1.0000000000000000     
 SnowDensPaved=   100.25511747382922     
 SnowDensBldgs=   100.25511747382922     
 SnowDensEveTr=   100.25511747382922     
 SnowDensDecTr=   100.25511747382922     
 SnowDensGrass=   100.25511747382922     
 SnowDensBSoil=   100.25511747382922     
 SnowDensWater=   100.25509891576928     
 SnowAlb0=  0.17999999999999999     
 /
