 &InitialConditions
 DaysSinceRain=           0
 Temp_C0=  -8.8501742160278701E-002
 GDD_1_0=   0.0000000000000000     
 GDD_2_0=   0.0000000000000000     
 LAIinitialEveTr=   4.0000000000000000     
 LAIinitialDecTr=   1.0000000000000000     
 LAIinitialGrass=   1.6000000000000001     
 AlbEveTr0=  0.13900000000000001     
 AlbDecTr0=  0.16700000000000001     
 AlbGrass0=  0.25000000000000000     
 DecidCap0=  0.29999999999999999     
 Porosity0=   1.0000000000000000     
 SoilStorePavedState=   149.94908878524919     
 SoilStoreBldgsState=   149.94908878525587     
 SoilStoreEveTrState=   149.94908878492967     
 SoilStoreDecTrState=   149.94908878514369     
 SoilStoreGrassState=   149.94908878514369     
 SoilStoreBSoilState=   149.94908878514374     
 PavedState=   0.0000000000000000     
 BldgsState=   0.0000000000000000     
 EveTrState=   0.0000000000000000     
 DecTrState=   0.0000000000000000     
 GrassState=   0.0000000000000000     
 BSoilState=   0.0000000000000000     
 WaterState=  0.43006294818246843     
 SnowWaterPavedState=   0.0000000000000000     
 SnowWaterBldgsState=   0.0000000000000000     
 SnowWaterEveTrState=   0.0000000000000000     
 SnowWaterDecTrState=   0.0000000000000000     
 SnowWaterGrassState=   0.0000000000000000     
 SnowWaterBSoilState=   0.0000000000000000     
 SnowWaterWaterState=   0.0000000000000000     
 SnowPackPaved=   4.8458340920017919E-003
 SnowPackBldgs=   4.8458340920017919E-003
 SnowPackEveTr=   5.4263337002639503E-003
 SnowPackDecTr=   5.1884259519376537E-003
 SnowPackGrass=   5.4566222265162393E-003
 SnowPackBSoil=   5.1884259519376537E-003
 SnowPackWater=   6.6839893591642970E-007
 SnowFracPaved=   1.0000000000000000     
 SnowFracBldgs=   1.0000000000000000     
 SnowFracEveTr=   1.0000000000000000     
 SnowFracDecTr=   1.0000000000000000     
 SnowFracGrass=   1.0000000000000000     
 SnowFracBSoil=   1.0000000000000000     
 SnowFracWater=   1.0000000000000000     
 SnowDensPaved=   100.77691422003716     
 SnowDensBldgs=   100.77691422003716     
 SnowDensEveTr=   100.77691422003716     
 SnowDensDecTr=   100.77691422003716     
 SnowDensGrass=   100.77691422003716     
 SnowDensBSoil=   100.77691422003716     
 SnowDensWater=   100.00000000000000     
 SnowAlb0=  0.17999999999999999     
 /
