 &InitialConditions
 DaysSinceRain=           0
 Temp_C0=  -8.8501742160278701E-002
 GDD_1_0=   0.0000000000000000     
 GDD_2_0=   0.0000000000000000     
 LAIinitialEveTr=   4.0000000000000000     
 LAIinitialDecTr=   1.0000000000000000     
 LAIinitialGrass=   1.6000000000000001     
 AlbEveTr0=  0.13900000000000001     
 AlbDecTr0=  0.16700000000000001     
 AlbGrass0=  0.24999999999999978     
 DecidCap0=  0.30000000000000027     
 Porosity0=   1.0000000000000000     
 SoilStorePavedState=   148.92198065287201     
 SoilStoreBldgsState=   148.92198247627758     
 SoilStoreEveTrState=   148.91834629941860     
 SoilStoreDecTrState=   148.91937266492761     
 SoilStoreGrassState=   148.91948923061520     
 SoilStoreBSoilState=   148.91963895342766     
 PavedState=   7.3187643216823238E-007
 BldgsState=   7.3187643216823238E-007
 EveTrState=   7.3187643216823238E-007
 DecTrState=   7.3187643216823238E-007
 GrassState=   7.3187643216823238E-007
 BSoilState=   7.3187643216823238E-007
 WaterState=  0.47472395699798725     
 SnowWaterPavedState=   0.0000000000000000     
 SnowWaterBldgsState=   0.0000000000000000     
 SnowWaterEveTrState=   0.0000000000000000     
 SnowWaterDecTrState=   0.0000000000000000     
 SnowWaterGrassState=   0.0000000000000000     
 SnowWaterBSoilState=   0.0000000000000000     
 SnowWaterWaterState=   0.0000000000000000     
 SnowPackPaved=   1.1701621010239694E-006
 SnowPackBldgs=   1.1701621010239694E-006
 SnowPackEveTr=   1.1701621010239694E-006
 SnowPackDecTr=   1.1701621010239694E-006
 SnowPackGrass=   1.1701621010239694E-006
 SnowPackBSoil=   1.1701621010239694E-006
 SnowPackWater=   0.0000000000000000     
 SnowFracPaved=   1.0000000000000000     
 SnowFracBldgs=   1.0000000000000000     
 SnowFracEveTr=   1.0000000000000000     
 SnowFracDecTr=   1.0000000000000000     
 SnowFracGrass=   1.0000000000000000     
 SnowFracBSoil=   1.0000000000000000     
 SnowFracWater=   0.0000000000000000     
 SnowDensPaved=   100.00000000000000     
 SnowDensBldgs=   100.00000000000000     
 SnowDensEveTr=   100.00000000000000     
 SnowDensDecTr=   100.00000000000000     
 SnowDensGrass=   100.00000000000000     
 SnowDensBSoil=   100.00000000000000     
 SnowDensWater=   100.02430471163217     
 SnowAlb0=  0.17999999999999999     
 /
